
Left:	-0.604488646155
Right:	-0.604454446072
Top:	-0.615292225271
Bottom:	-0.615268845830
*ggggggg
Left:	0.241119867641
Right:	0.241119867642
Top:	-0.550587239122
Bottom:	-0.550587239121


