
Left:	-0.604488646155
Right:	-0.604454446072
Top:	-0.615292225271
Bottom:	-0.615268845830

